0 0.551239 0.532478 0.596961 0.540806 0.589188 0.616667 0.543467 0.608339
0 0.571957 0.591137 0.601908 0.637380 0.557399 0.688631 0.527447 0.642388
0 0.586063 0.645833 0.636063 0.645833 0.636063 0.729167 0.586063 0.729167
0 0.586780 0.654458 0.625126 0.695833 0.590892 0.752236 0.552547 0.710861
0 0.657520 0.761290 0.614985 0.768410 0.607873 0.692876 0.650408 0.685756
0 0.592071 0.714583 0.634259 0.714583 0.634259 0.783333 0.592071 0.783333
1 0.704392 0.478688 0.765509 0.627083 0.643523 0.716399 0.582407 0.568004
1 0.531125 0.248491 0.609727 0.386909 0.487384 0.510417 0.408782 0.371999
1 0.609244 0.302083 0.737369 0.302083 0.737369 0.512500 0.609244 0.512500
1 0.941742 0.389459 0.849956 0.550915 0.723307 0.422917 0.815093 0.261461
1 0.573307 0.152083 0.704557 0.152083 0.704557 0.247917 0.573307 0.247917